{
  "advancedEditorSelectedIdentifier" : "BehaviorsPluginID",
  "openSceneRelativePaths" : [
    "Immersive.usda",
    "BubbleScene.usda"
  ],
  "recentIdentifiers" : {
    "312239C8-285F-45B1-AE4F-30F15842A6EF" : [

    ],
    "A9E63165-B2CA-49DF-9254-DB582E5910E9" : [

    ]
  },
  "sceneCameraHistory" : {
    "312239C8-285F-45B1-AE4F-30F15842A6EF" : [
      {
        "date" : 747773504.018037,
        "title" : "Untitled",
        "transform" : [
          0.99648124,
          -1.4839275e-08,
          0.083816096,
          0,
          0.028775314,
          0.9392204,
          -0.3421067,
          0,
          -0.07872178,
          0.34331477,
          0.9359155,
          0,
          0.41560793,
          0.8474183,
          -0.038873553,
          1
        ]
      },
      {
        "date" : 747773467.215832,
        "title" : "Untitled",
        "transform" : [
          0.9964813,
          -1.2431245e-08,
          0.083816096,
          0,
          0.028775312,
          0.9392204,
          -0.34210673,
          0,
          -0.07872178,
          0.34331477,
          0.9359156,
          0,
          1.4854811,
          2.080609,
          1.4725509,
          1
        ]
      },
      {
        "date" : 747773461.582497,
        "title" : "Untitled",
        "transform" : [
          0.9964813,
          -1.2431245e-08,
          0.083816096,
          0,
          0.028775312,
          0.9392204,
          -0.34210673,
          0,
          -0.07872178,
          0.34331477,
          0.9359156,
          0,
          1.8928516,
          2.5119379,
          2.0313396,
          1
        ]
      },
      {
        "date" : 747773446.084596,
        "title" : "Untitled",
        "transform" : [
          0.996966,
          -1.2431245e-08,
          0.07783902,
          0,
          0.026723294,
          0.9392204,
          -0.34227312,
          0,
          -0.07310799,
          0.34331477,
          0.9363708,
          0,
          0.41869718,
          0.8473137,
          -0.039296955,
          1
        ]
      },
      {
        "date" : 747773434.018026,
        "title" : "Untitled",
        "transform" : [
          0.9969659,
          -9.425602e-09,
          0.07783902,
          0,
          0.026723297,
          0.9392204,
          -0.34227315,
          0,
          -0.07310799,
          0.34331477,
          0.9363707,
          0,
          0.4186976,
          0.847314,
          -0.039296627,
          1
        ]
      },
      {
        "date" : 747773420.759707,
        "title" : "Untitled",
        "transform" : [
          0.9969659,
          -7.3512805e-09,
          0.07783902,
          0,
          0.026723297,
          0.9392204,
          -0.34227318,
          0,
          -0.07310799,
          0.3433148,
          0.9363707,
          0,
          -0.04967165,
          2.5942287,
          5.3482947,
          1
        ]
      },
      {
        "date" : 747773416.120554,
        "title" : "Untitled",
        "transform" : [
          0.9969659,
          -7.3512805e-09,
          0.07783902,
          0,
          0.026723297,
          0.9392204,
          -0.34227318,
          0,
          -0.07310799,
          0.3433148,
          0.9363707,
          0,
          0.41869715,
          0.8473138,
          -0.03929681,
          1
        ]
      },
      {
        "date" : 747773414.631494,
        "title" : "Untitled",
        "transform" : [
          0.9969659,
          -6.208282e-09,
          0.07783902,
          0,
          0.0267233,
          0.9392204,
          -0.3422732,
          0,
          -0.07310799,
          0.34331483,
          0.9363707,
          0,
          0.4186972,
          0.8473138,
          -0.039296854,
          1
        ]
      },
      {
        "date" : 747773333.242333,
        "title" : "Untitled",
        "transform" : [
          0.9969659,
          -4.8536073e-09,
          0.07783902,
          0,
          0.026723297,
          0.9392203,
          -0.34227324,
          0,
          -0.07310799,
          0.3433149,
          0.9363707,
          0,
          0.41869727,
          0.8473139,
          -0.03929691,
          1
        ]
      },
      {
        "date" : 747773129.161554,
        "title" : "Untitled",
        "transform" : [
          0.9969659,
          -3.91112e-09,
          0.07783902,
          0,
          0.026723303,
          0.9392203,
          -0.34227327,
          0,
          -0.07310799,
          0.34331492,
          0.9363707,
          0,
          0.45446855,
          0.9496938,
          0.18629918,
          1
        ]
      }
    ],
    "A9E63165-B2CA-49DF-9254-DB582E5910E9" : [
      {
        "date" : 747805950.080077,
        "title" : "Untitled",
        "transform" : [
          1,
          -7.139258e-12,
          0.00033569318,
          0,
          0.00023737091,
          0.7071069,
          -0.7071067,
          0,
          -0.00023737096,
          0.7071067,
          0.7071069,
          0,
          -0.17491898,
          1.4825226,
          1.2121786,
          1
        ]
      },
      {
        "date" : 747787958.829685,
        "title" : "Untitled",
        "transform" : [
          1,
          -7.139258e-12,
          0.00033569318,
          0,
          0.00023737091,
          0.7071069,
          -0.7071067,
          0,
          -0.00023737096,
          0.7071067,
          0.7071069,
          0,
          -0.07767734,
          1.4939837,
          1.2007499,
          1
        ]
      },
      {
        "date" : 747787755.899255,
        "title" : "Untitled",
        "transform" : [
          1,
          -7.139258e-12,
          0.00033569318,
          0,
          0.00023737091,
          0.7071069,
          -0.7071067,
          0,
          -0.00023737096,
          0.7071067,
          0.7071069,
          0,
          -0.009324878,
          1.5956823,
          1.0990744,
          1
        ]
      },
      {
        "date" : 747785598.527531,
        "title" : "Untitled",
        "transform" : [
          0.99999994,
          -6.1333386e-12,
          0.00033569327,
          0,
          0.00023737099,
          0.7071068,
          -0.70710665,
          0,
          -0.00023737104,
          0.70710677,
          0.70710677,
          0,
          0.16440444,
          1.7005965,
          1.1233672,
          1
        ]
      },
      {
        "date" : 747784481.186562,
        "title" : "Untitled",
        "transform" : [
          0.99999994,
          -6.1333386e-12,
          0.00033569327,
          0,
          0.00023737099,
          0.7071068,
          -0.70710665,
          0,
          -0.00023737104,
          0.70710677,
          0.70710677,
          0,
          0.15532777,
          1.7005967,
          1.1233642,
          1
        ]
      },
      {
        "date" : 747784479.352422,
        "title" : "Untitled",
        "transform" : [
          0.99999994,
          -6.1333386e-12,
          0.00033569327,
          0,
          0.00023737099,
          0.7071068,
          -0.70710665,
          0,
          -0.00023737104,
          0.70710677,
          0.70710677,
          0,
          0.15909716,
          1.7032615,
          1.1207006,
          1
        ]
      },
      {
        "date" : 747784475.503663,
        "title" : "Untitled",
        "transform" : [
          0.99999994,
          -6.1333386e-12,
          0.00033569327,
          0,
          0.00023737099,
          0.7071068,
          -0.70710665,
          0,
          -0.00023737104,
          0.70710677,
          0.70710677,
          0,
          0.16286358,
          1.7005969,
          1.1233666,
          1
        ]
      },
      {
        "date" : 747775651.152239,
        "title" : "Untitled",
        "transform" : [
          0.99999994,
          -6.1333386e-12,
          0.00033569327,
          0,
          0.00023737099,
          0.7071068,
          -0.70710665,
          0,
          -0.00023737104,
          0.70710677,
          0.70710677,
          0,
          0.19291423,
          0.60374403,
          0.5698497,
          1
        ]
      },
      {
        "date" : 747773914.247476,
        "title" : "Untitled",
        "transform" : [
          0.99999994,
          -6.1333386e-12,
          0.00033569327,
          0,
          0.00023737099,
          0.7071068,
          -0.70710665,
          0,
          -0.00023737104,
          0.70710677,
          0.70710677,
          0,
          0.45832953,
          1.1836381,
          -0.009955198,
          1
        ]
      },
      {
        "date" : 747773911.580605,
        "title" : "Untitled",
        "transform" : [
          0.99999976,
          -6.1333386e-12,
          0.00076293934,
          0,
          0.00053947954,
          0.7071068,
          -0.70710653,
          0,
          -0.00053947966,
          0.70710677,
          0.70710665,
          0,
          0.45798558,
          0.97155815,
          -0.22203523,
          1
        ]
      }
    ],
    "AF09ED6F-1707-48FD-8720-65B998362C09" : [
      {
        "date" : 747773575.209913,
        "title" : "Untitled",
        "transform" : [
          1,
          0,
          0,
          0,
          0,
          0.7071069,
          -0.70710677,
          0,
          0,
          0.70710677,
          0.7071069,
          0,
          0.25227362,
          2.8353903,
          0.8221905,
          1
        ]
      }
    ]
  },
  "sceneViewportBackgroundColors" : {

  },
  "selectedSceneRelativePath" : "BubbleScene.usda"
}